1259.51
1203.94
1251.38
1195.57
1220.45
1240.53
1220.5
1239.73
1192.07
1231.13
1250.73
1215.09
1255.75
1264.84
1220
1184.15
1213.44
1193.59
1259.97
1224.27
1191.72
1141.75
1209.64
1208.35
1261.51
1179.62
1259.56
1227
1222.22
1202.53
1182.75
1291.99
1295.36
1186.03
1174.14
1211.71
1178.18
1139.39
1250.19
1199.24
1203.2
1215.19
1243.72
1200.26
1294.51
1152.42
1220.77
1235.58
1213.68
1289.23
1221.6
1317.63
1220.55
1221.3
1208.13
1218.91
1211.48
1238.23
1197.64
1185.94
1273.21
1208.94
1215.89
1255.95
1237.49
1150.4
1206.51
1179.42
1229.45
1235.64
1181.99
1242.95
1200.92
1283.86
1200.87
1220.31
1162.88
1226.49
1216.12
1226.84
1264.83
1216.89
1218.34
1239.02
1226.32
1217.62
1201.92
1183.82
1195.86
1203.26
1241.23
1169.84
1212.83
1210.89
1153.88
1268.85
1227.57
1241.49
1264.51
1233.97
1242.29
1199.83
1286.51
1246.8
1189.28
1197.65
1159.88
1233.84
1164.66
1197.86
1233.79
1222.79
1239.76
1269.12
1221.59
1244.31
1250
1288.79
1189.37
1273.81
1173.26
1228.19
1273.58
1241.7
1283.71
1278.94
1241.11
1234.54
1240.51
1243.62
1231.63
1163.21
1222.55
1182.12
1289.93
1187.06
1295.07
1257.86
1258.53
1251.68
1267.96
1214.65
1218.73
1250.25
1286
1230
1225.08
1199.9
1251.75
1177.29
1200.01
1161.18
1172.33
1121.73
1159.69
1243.28
1201.61
1227.36
1211.33
1188.6
1193.14
1208.57
1182.3
1205.05
1254.34
1193.09
1143.5
1219.42
1190.92
1236.18
1250.6
1231.46
1163.47
1235.62
1169.37
1308.53
1294.15
1293.7
1248.9
1121.9
1202.09
1160.76
1195.29
1173.59
1245.42
1185.27
1284.59
1222.64
1296.07
1250.9
1204.83
1234.95
1217.61
1244.53
1241.36
1219.27
1206.97
1227.4
1319.37
1156.25
1344
1201.31
1226.4
1163.36
1231.41
1215.79
1229.96
1168.11
1262.17
1209.55
1222.19
1187.32
1254.44
1190.27
1315.2
1283.87
1263.19
1222.72
1199.35
1268.35
1241.71
1158.5
1265.77
1217.37
1186.48
1310.28
1219.55
1251.62
1287.67
1180.97
1156.27
1222.23
1164.26
1231.08
1251.97
1162.45
1223.73
1194.97
1193.64
1208.73
1222.19
1193.72
1151.5
1211.18
1217.82
1272.72
1235.1
1237.98
1191.72
1169.24
