0.001	0.07848	0.07848	0.07848	0.07848	32337
0.002	0.0759418	0.0759418	0.0759418	0.0759418	3001
0.003	0.063817	0.063817	0.063817	0.063817	2156
0.004	0.0673405	0.0673405	0.0673405	0.0673405	1273
0.005	0.0656437	0.0656437	0.0656437	0.0656437	2074
0.006	0.0635584	0.0635584	0.0635584	0.0635584	1908
0.007	0.0620425	0.0620425	0.0620425	0.0620425	629
0.008	0.0689881	0.0689881	0.0689881	0.0689881	2181
0.009	0.0605795	0.0605795	0.0605795	0.0605795	2475
0.01	0.0721566	0.0721566	0.0721566	0.0721566	1969
0.011	0.0593119	0.0593119	0.0593119	0.0593119	1398
0.012	0.0639915	0.0639915	0.0639915	0.0639915	1400
0.013	0.069215	0.069215	0.069215	0.069215	1843
0.014	0.118395	0.118395	0.118395	0.118395	1207
0.015	0.0448166	0.0448166	0.0448166	0.0448166	1536
0.016	0.060456	0.060456	0.060456	0.060456	1225
0.017	0.0445541	0.0445541	0.0445541	0.0445541	849
0.018	0.028208	0.028208	0.028208	0.028208	1731
0.019	0.0494368	0.0494368	0.0494368	0.0494368	1518
0.02	0.043665	0.043665	0.043665	0.043665	1226
0.021	0.0517792	0.0517792	0.0517792	0.0517792	696
0.022	0.0405984	0.0405984	0.0405984	0.0405984	1218
0.023	0.0428875	0.0428875	0.0428875	0.0428875	1028
0.024	0.125375	0.125375	0.125375	0.125375	2645
0.025	0.0618023	0.0618023	0.0618023	0.0618023	1753
0.026	0.0571581	0.0571581	0.0571581	0.0571581	906
0.027	0.0517296	0.0517296	0.0517296	0.0517296	1416
0.028	0.0551097	0.0551097	0.0551097	0.0551097	319
0.029	0.0534997	0.0534997	0.0534997	0.0534997	1327
0.03	0.0437973	0.0437973	0.0437973	0.0437973	1092
0.031	0.039879	0.039879	0.039879	0.039879	638
0.032	0.0500642	0.0500642	0.0500642	0.0500642	1367
0.033	0.0487249	0.0487249	0.0487249	0.0487249	1177
0.034	0.0371873	0.0371873	0.0371873	0.0371873	501
0.035	0.0506615	0.0506615	0.0506615	0.0506615	1057
0.036	0.0621074	0.0621074	0.0621074	0.0621074	769
0.037	0.103134	0.103134	0.103134	0.103134	1690
0.038	0.0375621	0.0375621	0.0375621	0.0375621	653
0.039	0.0301511	0.0301511	0.0301511	0.0301511	1092
0.04	0.0448833	0.0448833	0.0448833	0.0448833	1235
0.041	0.0371029	0.0371029	0.0371029	0.0371029	498
0.042	0.0342619	0.0342619	0.0342619	0.0342619	1342
0.043	0.0331566	0.0331566	0.0331566	0.0331566	1196
0.044	0.0293902	0.0293902	0.0293902	0.0293902	1054
0.045	0.0354269	0.0354269	0.0354269	0.0354269	516
0.046	0.0351828	0.0351828	0.0351828	0.0351828	948
0.047	0.0335402	0.0335402	0.0335402	0.0335402	909
0.048	0.0480983	0.0480983	0.0480983	0.0480983	260
0.049	0.0222032	0.0222032	0.0222032	0.0222032	775
0.05	0.025425	0.025425	0.025425	0.025425	1160
0.051	0.0286755	0.0286755	0.0286755	0.0286755	539
0.052	0.0252094	0.0252094	0.0252094	0.0252094	1024
0.053	0.0307302	0.0307302	0.0307302	0.0307302	684
0.054	0.0332192	0.0332192	0.0332192	0.0332192	601
0.055	0.0197701	0.0197701	0.0197701	0.0197701	209
0.056	0.0454788	0.0454788	0.0454788	0.0454788	771
0.057	0.0168589	0.0168589	0.0168589	0.0168589	734
0.058	0.0288996	0.0288996	0.0288996	0.0288996	491
0.059	0.0263174	0.0263174	0.0263174	0.0263174	890
0.06	0.0286472	0.0286472	0.0286472	0.0286472	477
0.061	0.0279638	0.0279638	0.0279638	0.0279638	811
0.062	0.0133804	0.0133804	0.0133804	0.0133804	342
0.063	0.036888	0.036888	0.036888	0.036888	871
0.064	0.0327191	0.0327191	0.0327191	0.0327191	634
0.065	0.0468516	0.0468516	0.0468516	0.0468516	727
0.066	0.026228	0.026228	0.026228	0.026228	668
0.067	0.0238095	0.0238095	0.0238095	0.0238095	609
0.068	0.0142918	0.0142918	0.0142918	0.0142918	253
0.069	0.0271681	0.0271681	0.0271681	0.0271681	719
0.07	0.0539435	0.0539435	0.0539435	0.0539435	621
0.071	0.0303682	0.0303682	0.0303682	0.0303682	786
0.072	0.0322585	0.0322585	0.0322585	0.0322585	567
0.073	0.0389259	0.0389259	0.0389259	0.0389259	915
0.074	0.0304653	0.0304653	0.0304653	0.0304653	760
0.075	0.023896	0.023896	0.023896	0.023896	272
0.076	0.0252687	0.0252687	0.0252687	0.0252687	738
0.077	0.0312654	0.0312654	0.0312654	0.0312654	605
0.078	0.0298214	0.0298214	0.0298214	0.0298214	434
0.079	0.0271709	0.0271709	0.0271709	0.0271709	660
0.08	0.0266432	0.0266432	0.0266432	0.0266432	545
0.081	0.0304442	0.0304442	0.0304442	0.0304442	414
0.082	0.0168534	0.0168534	0.0168534	0.0168534	235
0.083	0.0238562	0.0238562	0.0238562	0.0238562	900
0.084	0.0591055	0.0591055	0.0591055	0.0591055	1122
0.085	0.0278284	0.0278284	0.0278284	0.0278284	505
0.086	0.0245829	0.0245829	0.0245829	0.0245829	971
0.087	0.0175254	0.0175254	0.0175254	0.0175254	503
0.088	0.0341794	0.0341794	0.0341794	0.0341794	939
0.089	0.0186656	0.0186656	0.0186656	0.0186656	316
0.09	0.021233	0.021233	0.021233	0.021233	538
0.091	0.0278107	0.0278107	0.0278107	0.0278107	1476
0.092	0.0225337	0.0225337	0.0225337	0.0225337	536
0.093	0.0295386	0.0295386	0.0295386	0.0295386	667
0.094	0.0173484	0.0173484	0.0173484	0.0173484	592
0.095	0.00532361	0.00532361	0.00532361	0.00532361	297
0.096	0.0207027	0.0207027	0.0207027	0.0207027	623
0.097	0.020043	0.020043	0.020043	0.020043	723
0.098	0.0152257	0.0152257	0.0152257	0.0152257	400
0.099	0.0147747	0.0147747	0.0147747	0.0147747	402
0.1	0.0199302	0.0199302	0.0199302	0.0199302	386
0.101	0.029796	0.029796	0.029796	0.029796	629
0.102	0.0196877	0.0196877	0.0196877	0.0196877	201
0.103	0.0215496	0.0215496	0.0215496	0.0215496	657
0.104	0.0207594	0.0207594	0.0207594	0.0207594	594
0.105	0.0210376	0.0210376	0.0210376	0.0210376	552
0.106	0.0292315	0.0292315	0.0292315	0.0292315	715
0.107	0.0573749	0.0573749	0.0573749	0.0573749	1059
0.108	0.0125794	0.0125794	0.0125794	0.0125794	759
0.109	0.0175453	0.0175453	0.0175453	0.0175453	135
0.11	0.0181464	0.0181464	0.0181464	0.0181464	743
0.111	0.0161268	0.0161268	0.0161268	0.0161268	710
0.112	0.0138194	0.0138194	0.0138194	0.0138194	488
0.113	0.0156031	0.0156031	0.0156031	0.0156031	648
0.114	0.0221576	0.0221576	0.0221576	0.0221576	688
0.115	0.0237728	0.0237728	0.0237728	0.0237728	646
0.116	0.0239778	0.0239778	0.0239778	0.0239778	250
0.117	0.0166224	0.0166224	0.0166224	0.0166224	647
0.118	0.016952	0.016952	0.016952	0.016952	696
0.119	0.030741	0.030741	0.030741	0.030741	665
0.12	0.014787	0.014787	0.014787	0.014787	776
0.121	0.0413203	0.0413203	0.0413203	0.0413203	947
0.122	0.00968558	0.00968558	0.00968558	0.00968558	614
0.123	0.00719468	0.00719468	0.00719468	0.00719468	232
0.124	0.00800567	0.00800567	0.00800567	0.00800567	607
0.125	0.00992259	0.00992259	0.00992259	0.00992259	549
0.126	0.00855881	0.00855881	0.00855881	0.00855881	478
0.127	0.00676466	0.00676466	0.00676466	0.00676466	360
0.128	0.0122774	0.0122774	0.0122774	0.0122774	604
0.129	0.00957468	0.00957468	0.00957468	0.00957468	273
0.13	0.0141506	0.0141506	0.0141506	0.0141506	1245
0.131	0.0175832	0.0175832	0.0175832	0.0175832	511
0.132	0.0143966	0.0143966	0.0143966	0.0143966	737
0.133	0.021788	0.021788	0.021788	0.021788	467
0.134	0.0082211	0.0082211	0.0082211	0.0082211	495
0.135	0.0141354	0.0141354	0.0141354	0.0141354	702
0.136	0.00216017	0.00216017	0.00216017	0.00216017	188
0.137	0.012074	0.012074	0.012074	0.012074	598
0.138	0.0115971	0.0115971	0.0115971	0.0115971	531
0.139	0.0133089	0.0133089	0.0133089	0.0133089	420
0.14	0.0075786	0.0075786	0.0075786	0.0075786	1290
0.141	0.00224338	0.00224338	0.00224338	0.00224338	1208
0.142	0.00930958	0.00930958	0.00930958	0.00930958	414
0.143	0.00737323	0.00737323	0.00737323	0.00737323	298
0.144	0.00894231	0.00894231	0.00894231	0.00894231	468
0.145	0.00524716	0.00524716	0.00524716	0.00524716	508
0.146	0.00478418	0.00478418	0.00478418	0.00478418	399
0.147	0.00660091	0.00660091	0.00660091	0.00660091	414
0.148	0.00809302	0.00809302	0.00809302	0.00809302	734
0.149	0.00876759	0.00876759	0.00876759	0.00876759	458
0.15	0.0115524	0.0115524	0.0115524	0.0115524	209
0.151	0.0195593	0.0195593	0.0195593	0.0195593	670
0.152	0.000686632	0.000686632	0.000686632	0.000686632	640
0.153	0.00814261	0.00814261	0.00814261	0.00814261	552
0.154	0.00908007	0.00908007	0.00908007	0.00908007	494
0.155	0.0115825	0.0115825	0.0115825	0.0115825	495
0.156	0.00219572	0.00219572	0.00219572	0.00219572	283
0.157	0.00251793	0.00251793	0.00251793	0.00251793	666
0.158	0.0118462	0.0118462	0.0118462	0.0118462	489
0.159	0.0157179	0.0157179	0.0157179	0.0157179	361
0.16	0.00592335	0.00592335	0.00592335	0.00592335	324
0.161	0.0109947	0.0109947	0.0109947	0.0109947	618
0.162	0.0109516	0.0109516	0.0109516	0.0109516	653
0.163	0.0170162	0.0170162	0.0170162	0.0170162	484
0.164	0.00585251	0.00585251	0.00585251	0.00585251	565
0.165	0.00271847	0.00271847	0.00271847	0.00271847	815
0.166	0.000538814	0.000538814	0.000538814	0.000538814	448
0.167	0.00617968	0.00617968	0.00617968	0.00617968	239
0.168	0.0147247	0.0147247	0.0147247	0.0147247	554
0.169	0.00939484	0.00939484	0.00939484	0.00939484	532
0.17	-4.69219e-05	-4.69219e-05	-4.69219e-05	-4.69219e-05	148
0.171	0.00659228	0.00659228	0.00659228	0.00659228	646
0.172	0.013121	0.013121	0.013121	0.013121	403
0.173	0.00481346	0.00481346	0.00481346	0.00481346	341
0.174	0.00525888	0.00525888	0.00525888	0.00525888	691
0.175	0.00749243	0.00749243	0.00749243	0.00749243	1064
0.176	0.00790997	0.00790997	0.00790997	0.00790997	332
0.177	0.00588337	0.00588337	0.00588337	0.00588337	272
0.178	0.0194091	0.0194091	0.0194091	0.0194091	534
0.179	0.00163279	0.00163279	0.00163279	0.00163279	410
0.18	0.0094644	0.0094644	0.0094644	0.0094644	501
0.181	0.00224818	0.00224818	0.00224818	0.00224818	428
0.182	0.0101012	0.0101012	0.0101012	0.0101012	483
0.183	0.00583821	0.00583821	0.00583821	0.00583821	627
0.184	0.00150273	0.00150273	0.00150273	0.00150273	183
0.185	0.00502502	0.00502502	0.00502502	0.00502502	866
0.186	-0.000762595	-0.000762595	-0.000762595	-0.000762595	805
0.187	0.0020599	0.0020599	0.0020599	0.0020599	320
0.188	0.0107903	0.0107903	0.0107903	0.0107903	697
0.189	0.00921857	0.00921857	0.00921857	0.00921857	760
0.19	0.00032346	0.00032346	0.00032346	0.00032346	754
0.191	0.0140925	0.0140925	0.0140925	0.0140925	828
0.192	0.00792401	0.00792401	0.00792401	0.00792401	454
0.193	0.00574735	0.00574735	0.00574735	0.00574735	462
0.194	0.0182326	0.0182326	0.0182326	0.0182326	477
0.195	0.0052349	0.0052349	0.0052349	0.0052349	447
0.196	0.0068018	0.0068018	0.0068018	0.0068018	555
0.197	0.00558469	0.00558469	0.00558469	0.00558469	143
0.198	0.00521829	0.00521829	0.00521829	0.00521829	593
0.199	0.00679651	0.00679651	0.00679651	0.00679651	261
0.2	0.00429501	0.00429501	0.00429501	0.00429501	303
0.201	0.00470757	0.00470757	0.00470757	0.00470757	474
0.202	0.00345582	0.00345582	0.00345582	0.00345582	381
0.203	0.00376569	0.00376569	0.00376569	0.00376569	593
0.204	0.00371406	0.00371406	0.00371406	0.00371406	143
0.205	0.00145409	0.00145409	0.00145409	0.00145409	426
0.206	0.00890704	0.00890704	0.00890704	0.00890704	551
0.207	-0.000878843	-0.000878843	-0.000878843	-0.000878843	647
0.208	0.00259273	0.00259273	0.00259273	0.00259273	665
0.209	0.0057192	0.0057192	0.0057192	0.0057192	404
0.21	0.00471106	0.00471106	0.00471106	0.00471106	398
0.211	-0.00336596	-0.00336596	-0.00336596	-0.00336596	596
0.212	-0.00124724	-0.00124724	-0.00124724	-0.00124724	655
0.213	0.00524432	0.00524432	0.00524432	0.00524432	714
0.214	0.00817214	0.00817214	0.00817214	0.00817214	274
0.215	0.00527875	0.00527875	0.00527875	0.00527875	574
0.216	0.00365602	0.00365602	0.00365602	0.00365602	433
0.217	0.00128401	0.00128401	0.00128401	0.00128401	196
0.218	-0.00199889	-0.00199889	-0.00199889	-0.00199889	1097
0.219	0.0160289	0.0160289	0.0160289	0.0160289	878
0.22	0.000452644	0.000452644	0.000452644	0.000452644	664
0.221	0.00541354	0.00541354	0.00541354	0.00541354	311
0.222	0.00890161	0.00890161	0.00890161	0.00890161	764
0.223	0.00831406	0.00831406	0.00831406	0.00831406	562
0.224	-0.000631313	-0.000631313	-0.000631313	-0.000631313	198
0.225	0.00177619	0.00177619	0.00177619	0.00177619	350
0.226	-0.000255456	-0.000255456	-0.000255456	-0.000255456	448
0.227	0.00441552	0.00441552	0.00441552	0.00441552	557
0.228	-0.00383346	-0.00383346	-0.00383346	-0.00383346	426
0.229	0.00378506	0.00378506	0.00378506	0.00378506	519
0.23	0.00381231	0.00381231	0.00381231	0.00381231	642
0.231	-0.00111959	-0.00111959	-0.00111959	-0.00111959	131
0.232	0.00418654	0.00418654	0.00418654	0.00418654	573
0.233	-0.00063642	-0.00063642	-0.00063642	-0.00063642	450
0.234	0.000970854	0.000970854	0.000970854	0.000970854	406
0.235	-0.000168945	-0.000168945	-0.000168945	-0.000168945	707
0.236	0.00486039	0.00486039	0.00486039	0.00486039	581
0.237	0.00239355	0.00239355	0.00239355	0.00239355	501
0.238	-0.000714286	-0.000714286	-0.000714286	-0.000714286	189
0.239	0.00250965	0.00250965	0.00250965	0.00250965	547
0.24	0.0046284	0.0046284	0.0046284	0.0046284	376
0.241	-0.000246081	-0.000246081	-0.000246081	-0.000246081	482
0.242	0.00228044	0.00228044	0.00228044	0.00228044	439
0.243	0.00341039	0.00341039	0.00341039	0.00341039	429
0.244	0.00144972	0.00144972	0.00144972	0.00144972	516
0.245	-0.000402174	-0.000402174	-0.000402174	-0.000402174	460
0.246	0.00215418	0.00215418	0.00215418	0.00215418	347
0.247	0.0061129	0.0061129	0.0061129	0.0061129	775
0.248	0.000311714	0.000311714	0.000311714	0.000311714	442
0.249	0.00148376	0.00148376	0.00148376	0.00148376	609
0.25	0.00174667	0.00174667	0.00174667	0.00174667	618
0.251	0.000852713	0.000852713	0.000852713	0.000852713	129
0.252	0.000283203	0.000283203	0.000283203	0.000283203	512
0.253	0.00157979	0.00157979	0.00157979	0.00157979	470
0.254	-0.00157304	-0.00157304	-0.00157304	-0.00157304	807
0.255	-0.001034	-0.001034	-0.001034	-0.001034	580
0.256	0.00344025	0.00344025	0.00344025	0.00344025	530
0.257	0.00247336	0.00247336	0.00247336	0.00247336	511
0.258	0.00624301	0.00624301	0.00624301	0.00624301	139
0.259	-0.0014902	-0.0014902	-0.0014902	-0.0014902	754
0.26	0.00708885	0.00708885	0.00708885	0.00708885	529
0.261	0.00254187	0.00254187	0.00254187	0.00254187	272
0.262	0.00427266	0.00427266	0.00427266	0.00427266	380
0.263	0.00201691	0.00201691	0.00201691	0.00201691	460
0.264	0.00130283	0.00130283	0.00130283	0.00130283	397
0.265	0.00168496	0.00168496	0.00168496	0.00168496	243
0.266	0.00244	0.00244	0.00244	0.00244	375
0.267	0.000218723	0.000218723	0.000218723	0.000218723	381
0.268	0.00774295	0.00774295	0.00774295	0.00774295	343
0.269	0.00388522	0.00388522	0.00388522	0.00388522	605
0.27	0.00331392	0.00331392	0.00331392	0.00331392	415
0.271	0.00261653	0.00261653	0.00261653	0.00261653	410
0.272	0.00255051	0.00255051	0.00255051	0.00255051	231
0.273	0.000833333	0.000833333	0.000833333	0.000833333	434
0.274	-0.00158583	-0.00158583	-0.00158583	-0.00158583	622
0.275	0.00036346	0.00036346	0.00036346	0.00036346	402
0.276	-0.00251584	-0.00251584	-0.00251584	-0.00251584	649
0.277	-2.331e-05	-2.331e-05	-2.331e-05	-2.331e-05	429
0.278	0.00188627	0.00188627	0.00188627	0.00188627	191
0.279	0.00556078	0.00556078	0.00556078	0.00556078	425
0.28	0.00286738	0.00286738	0.00286738	0.00286738	527
0.281	0.00171088	0.00171088	0.00171088	0.00171088	735
0.282	-0.00334376	-0.00334376	-0.00334376	-0.00334376	373
0.283	0.00413551	0.00413551	0.00413551	0.00413551	428
0.284	0.00178838	0.00178838	0.00178838	0.00178838	461
0.285	0.000893626	0.000893626	0.000893626	0.000893626	129
0.286	0.00441963	0.00441963	0.00441963	0.00441963	459
0.287	0.000644571	0.000644571	0.000644571	0.000644571	440
0.288	0.00402066	0.00402066	0.00402066	0.00402066	546
0.289	0.00313213	0.00313213	0.00313213	0.00313213	185
0.29	0.000500875	0.000500875	0.000500875	0.000500875	254
0.291	0.0055854	0.0055854	0.0055854	0.0055854	633
0.292	0.00458681	0.00458681	0.00458681	0.00458681	160
0.293	0.00252921	0.00252921	0.00252921	0.00252921	485
0.294	0.00104693	0.00104693	0.00104693	0.00104693	264
0.295	-0.000692542	-0.000692542	-0.000692542	-0.000692542	292
0.296	0.0026107	0.0026107	0.0026107	0.0026107	404
0.297	-0.000683615	-0.000683615	-0.000683615	-0.000683615	731
0.298	0.00270755	0.00270755	0.00270755	0.00270755	443
0.299	0.00149425	0.00149425	0.00149425	0.00149425	116
0.3	0.00325224	0.00325224	0.00325224	0.00325224	298
0.301	0.00147751	0.00147751	0.00147751	0.00147751	373
0.302	-0.000777911	-0.000777911	-0.000777911	-0.000777911	416
0.303	0.00171882	0.00171882	0.00171882	0.00171882	474
0.304	0.00206539	0.00206539	0.00206539	0.00206539	418
0.305	0.00322305	0.00322305	0.00322305	0.00322305	471
0.306	-0.00160407	-0.00160407	-0.00160407	-0.00160407	213
0.307	-0.00137183	-0.00137183	-0.00137183	-0.00137183	521
0.308	0.000319834	0.000319834	0.000319834	0.000319834	535
0.309	0.0011265	0.0011265	0.0011265	0.0011265	397
0.31	0.000741173	0.000741173	0.000741173	0.000741173	428
0.311	0.000414678	0.000414678	0.000414678	0.000414678	489
0.312	0.0028976	0.0028976	0.0028976	0.0028976	306
0.313	0.00675733	0.00675733	0.00675733	0.00675733	527
0.314	0.00118852	0.00118852	0.00118852	0.00118852	506
0.315	-0.00128399	-0.00128399	-0.00128399	-0.00128399	662
0.316	0.00485392	0.00485392	0.00485392	0.00485392	251
0.317	0.00233701	0.00233701	0.00233701	0.00233701	317
0.318	0.00083437	0.00083437	0.00083437	0.00083437	536
0.319	-0.00388174	-0.00388174	-0.00388174	-0.00388174	311
0.32	0.00370571	0.00370571	0.00370571	0.00370571	461
0.321	0.00188309	0.00188309	0.00188309	0.00188309	412
0.322	0.00414479	0.00414479	0.00414479	0.00414479	254
0.323	0.00344915	0.00344915	0.00344915	0.00344915	578
0.324	0.00526239	0.00526239	0.00526239	0.00526239	325
0.325	0.00410417	0.00410417	0.00410417	0.00410417	360
0.326	0.00369133	0.00369133	0.00369133	0.00369133	187
0.327	0.000426609	0.000426609	0.000426609	0.000426609	461
0.328	-0.00168468	-0.00168468	-0.00168468	-0.00168468	293
0.329	0.0103921	0.0103921	0.0103921	0.0103921	350
0.33	0.000946844	0.000946844	0.000946844	0.000946844	301
0.331	0.000810313	0.000810313	0.000810313	0.000810313	362
0.332	0.000160295	0.000160295	0.000160295	0.000160295	558
0.333	0.00339236	0.00339236	0.00339236	0.00339236	160
0.334	0.00229459	0.00229459	0.00229459	0.00229459	522
0.335	-0.00160298	-0.00160298	-0.00160298	-0.00160298	458
0.336	0.00447951	0.00447951	0.00447951	0.00447951	1022
0.337	-0.00107263	-0.00107263	-0.00107263	-0.00107263	397
0.338	0.00233458	0.00233458	0.00233458	0.00233458	492
0.339	0.00379211	0.00379211	0.00379211	0.00379211	155
0.34	0.0059598	0.0059598	0.0059598	0.0059598	1006
0.341	-0.00195275	-0.00195275	-0.00195275	-0.00195275	535
0.342	0.000985583	0.000985583	0.000985583	0.000985583	447
0.343	0.000440644	0.000440644	0.000440644	0.000440644	307
0.344	-0.000526839	-0.000526839	-0.000526839	-0.000526839	503
0.345	-0.00142144	-0.00142144	-0.00142144	-0.00142144	384
0.346	0.000316162	0.000316162	0.000316162	0.000316162	275
0.347	0.000166331	0.000166331	0.000166331	0.000166331	496
0.348	-0.00222222	-0.00222222	-0.00222222	-0.00222222	424
0.349	-0.00185335	-0.00185335	-0.00185335	-0.00185335	555
0.35	3.65757e-05	3.65757e-05	3.65757e-05	3.65757e-05	281
0.351	-0.00101294	-0.00101294	-0.00101294	-0.00101294	365
0.352	-0.000618002	-0.000618002	-0.000618002	-0.000618002	387
0.353	0.000757868	0.000757868	0.000757868	0.000757868	173
0.354	0.00164579	0.00164579	0.00164579	0.00164579	519
0.355	0.00309422	0.00309422	0.00309422	0.00309422	625
0.356	0.00111347	0.00111347	0.00111347	0.00111347	353
0.357	0.000775559	0.000775559	0.000775559	0.000775559	601
0.358	0.00251435	0.00251435	0.00251435	0.00251435	600
0.359	-0.00075089	-0.00075089	-0.00075089	-0.00075089	593
0.36	-0.00138326	-0.00138326	-0.00138326	-0.00138326	148
0.361	0.00294123	0.00294123	0.00294123	0.00294123	622
0.362	-0.00336181	-0.00336181	-0.00336181	-0.00336181	556
0.363	-0.00102558	-0.00102558	-0.00102558	-0.00102558	367
0.364	0.000727809	0.000727809	0.000727809	0.000727809	537
0.365	0.00433899	0.00433899	0.00433899	0.00433899	893
0.366	-0.000690837	-0.000690837	-0.000690837	-0.000690837	462
0.367	0.00426471	0.00426471	0.00426471	0.00426471	102
0.368	-0.000381626	-0.000381626	-0.000381626	-0.000381626	436
0.369	-6.28931e-06	-6.28931e-06	-6.28931e-06	-6.28931e-06	265
0.37	0.000749158	0.000749158	0.000749158	0.000749158	363
0.371	-0.000641088	-0.000641088	-0.000641088	-0.000641088	341
0.372	-0.000278306	-0.000278306	-0.000278306	-0.000278306	526
0.373	0.00476415	0.00476415	0.00476415	0.00476415	159
0.374	0.00585731	0.00585731	0.00585731	0.00585731	475
0.375	0.00453872	0.00453872	0.00453872	0.00453872	495
0.376	0.00208749	0.00208749	0.00208749	0.00208749	802
0.377	0.00506524	0.00506524	0.00506524	0.00506524	528
0.378	0.00342322	0.00342322	0.00342322	0.00342322	377
0.379	0.0103244	0.0103244	0.0103244	0.0103244	894
0.38	0.000760955	0.000760955	0.000760955	0.000760955	142
0.381	0.00222222	0.00222222	0.00222222	0.00222222	456
0.382	0.00459607	0.00459607	0.00459607	0.00459607	458
0.383	-0.00134633	-0.00134633	-0.00134633	-0.00134633	248
0.384	0.00603779	0.00603779	0.00603779	0.00603779	394
0.385	-0.00188907	-0.00188907	-0.00188907	-0.00188907	898
0.386	0.00341692	0.00341692	0.00341692	0.00341692	668
0.387	0.0021654	0.0021654	0.0021654	0.0021654	132
0.388	-0.00158722	-0.00158722	-0.00158722	-0.00158722	472
0.389	-0.00265745	-0.00265745	-0.00265745	-0.00265745	404
0.39	-0.00240397	-0.00240397	-0.00240397	-0.00240397	431
0.391	0.00235999	0.00235999	0.00235999	0.00235999	494
0.392	-0.0032197	-0.0032197	-0.0032197	-0.0032197	352
0.393	-0.00197709	-0.00197709	-0.00197709	-0.00197709	434
0.394	-0.00299045	-0.00299045	-0.00299045	-0.00299045	192
0.395	0.00244835	0.00244835	0.00244835	0.00244835	441
0.396	0.00490348	0.00490348	0.00490348	0.00490348	590
0.397	0.000612094	0.000612094	0.000612094	0.000612094	339
0.398	0.00453168	0.00453168	0.00453168	0.00453168	519
0.399	0.00309532	0.00309532	0.00309532	0.00309532	468
0.4	-0.000787321	-0.000787321	-0.000787321	-0.000787321	163
0.401	-0.00238426	-0.00238426	-0.00238426	-0.00238426	468
0.402	-0.00235659	-0.00235659	-0.00235659	-0.00235659	645
0.403	-0.001749	-0.001749	-0.001749	-0.001749	415
0.404	-1.35501e-06	-1.35501e-06	-1.35501e-06	-1.35501e-06	205
0.405	0.00429483	0.00429483	0.00429483	0.00429483	479
0.406	0.0040721	0.0040721	0.0040721	0.0040721	517
0.407	0.00180968	0.00180968	0.00180968	0.00180968	101
0.408	-0.00223744	-0.00223744	-0.00223744	-0.00223744	949
0.409	-0.00283366	-0.00283366	-0.00283366	-0.00283366	517
0.41	0.000650118	0.000650118	0.000650118	0.000650118	564
0.411	0.000658537	0.000658537	0.000658537	0.000658537	205
0.412	-0.00112402	-0.00112402	-0.00112402	-0.00112402	409
0.413	0.00296633	0.00296633	0.00296633	0.00296633	330
0.414	0.00721143	0.00721143	0.00721143	0.00721143	206
0.415	-0.000606061	-0.000606061	-0.000606061	-0.000606061	385
0.416	0.00600547	0.00600547	0.00600547	0.00600547	447
0.417	0.00457834	0.00457834	0.00457834	0.00457834	278
0.418	-0.00135041	-0.00135041	-0.00135041	-0.00135041	231
0.419	0.00354816	0.00354816	0.00354816	0.00354816	353
0.42	0.00266777	0.00266777	0.00266777	0.00266777	505
0.421	0.00812918	0.00812918	0.00812918	0.00812918	332
0.422	-0.00478628	-0.00478628	-0.00478628	-0.00478628	928
0.423	-0.000365605	-0.000365605	-0.000365605	-0.000365605	408
0.424	-0.00260458	-0.00260458	-0.00260458	-0.00260458	170
0.425	0.00103497	0.00103497	0.00103497	0.00103497	653
0.426	0.00144393	0.00144393	0.00144393	0.00144393	429
0.427	0.0098357	0.0098357	0.0098357	0.0098357	470
0.428	-0.000929571	-0.000929571	-0.000929571	-0.000929571	127
0.429	0.00167129	0.00167129	0.00167129	0.00167129	601
0.43	-0.000409483	-0.000409483	-0.000409483	-0.000409483	464
0.431	0.00297928	0.00297928	0.00297928	0.00297928	244
0.432	-0.000541903	-0.000541903	-0.000541903	-0.000541903	529
0.433	0.00339501	0.00339501	0.00339501	0.00339501	581
0.434	0.00566564	0.00566564	0.00566564	0.00566564	270
0.435	-0.00206758	-0.00206758	-0.00206758	-0.00206758	388
0.436	-0.00121882	-0.00121882	-0.00121882	-0.00121882	392
0.437	0.00344455	0.00344455	0.00344455	0.00344455	542
0.438	-0.000419788	-0.000419788	-0.000419788	-0.000419788	178
0.439	0.00171395	0.00171395	0.00171395	0.00171395	470
0.44	0.00189383	0.00189383	0.00189383	0.00189383	472
0.441	0.00108545	0.00108545	0.00108545	0.00108545	184
0.442	-0.000235194	-0.000235194	-0.000235194	-0.000235194	424
0.443	-9.43179e-05	-9.43179e-05	-9.43179e-05	-9.43179e-05	483
0.444	0.0060118	0.0060118	0.0060118	0.0060118	372
0.445	-0.00133152	-0.00133152	-0.00133152	-0.00133152	276
0.446	-0.000801225	-0.000801225	-0.000801225	-0.000801225	372
0.447	-0.00183858	-0.00183858	-0.00183858	-0.00183858	328
0.448	-0.00227405	-0.00227405	-0.00227405	-0.00227405	134
0.449	-0.00128601	-0.00128601	-0.00128601	-0.00128601	351
0.45	0.000761486	0.000761486	0.000761486	0.000761486	549
0.451	0.00715038	0.00715038	0.00715038	0.00715038	464
0.452	0.00595089	0.00595089	0.00595089	0.00595089	612
0.453	-0.000786362	-0.000786362	-0.000786362	-0.000786362	343
0.454	-0.003367	-0.003367	-0.003367	-0.003367	429
0.455	-0.00159388	-0.00159388	-0.00159388	-0.00159388	374
0.456	0.00852732	0.00852732	0.00852732	0.00852732	368
0.457	0.00161855	0.00161855	0.00161855	0.00161855	381
0.458	0.00388967	0.00388967	0.00388967	0.00388967	354
0.459	0.000101902	0.000101902	0.000101902	0.000101902	368
0.46	0.00546244	0.00546244	0.00546244	0.00546244	528
0.461	-0.00189161	-0.00189161	-0.00189161	-0.00189161	184
0.462	0.000157169	0.000157169	0.000157169	0.000157169	661
0.463	0.00248549	0.00248549	0.00248549	0.00248549	517
0.464	0.00267133	0.00267133	0.00267133	0.00267133	608
0.465	0.00108229	0.00108229	0.00108229	0.00108229	347
0.466	0.00230244	0.00230244	0.00230244	0.00230244	374
0.467	0.000701389	0.000701389	0.000701389	0.000701389	400
0.468	0.00460867	0.00460867	0.00460867	0.00460867	159
0.469	0.00635447	0.00635447	0.00635447	0.00635447	791
0.47	0.00175189	0.00175189	0.00175189	0.00175189	779
0.471	0.00118398	0.00118398	0.00118398	0.00118398	385
0.472	0.00123084	0.00123084	0.00123084	0.00123084	290
0.473	0.000319345	0.000319345	0.000319345	0.000319345	695
0.474	0.000952046	0.000952046	0.000952046	0.000952046	592
0.475	0.00201481	0.00201481	0.00201481	0.00201481	150
0.476	-0.000586772	-0.000586772	-0.000586772	-0.000586772	525
0.477	0.00356426	0.00356426	0.00356426	0.00356426	581
0.478	-0.00182788	-0.00182788	-0.00182788	-0.00182788	224
0.479	-0.00168367	-0.00168367	-0.00168367	-0.00168367	441
0.48	-0.000162791	-0.000162791	-0.000162791	-0.000162791	430
0.481	0.00280266	0.00280266	0.00280266	0.00280266	547
0.482	0.0255313	0.0255313	0.0255313	0.0255313	469
0.483	-0.000566833	-0.000566833	-0.000566833	-0.000566833	468
0.484	-0.000789651	-0.000789651	-0.000789651	-0.000789651	496
0.485	0.000267002	0.000267002	0.000267002	0.000267002	232
0.486	-0.0019003	-0.0019003	-0.0019003	-0.0019003	667
0.487	0.00373717	0.00373717	0.00373717	0.00373717	498
0.488	0.0031871	0.0031871	0.0031871	0.0031871	435
0.489	-0.00343633	-0.00343633	-0.00343633	-0.00343633	178
0.49	0.00117302	0.00117302	0.00117302	0.00117302	848
0.491	0.00522247	0.00522247	0.00522247	0.00522247	452
0.492	0.00102633	0.00102633	0.00102633	0.00102633	308
0.493	0.00350123	0.00350123	0.00350123	0.00350123	407
0.494	0.00370351	0.00370351	0.00370351	0.00370351	490
0.495	-0.00449435	-0.00449435	-0.00449435	-0.00449435	295
0.496	0.00265219	0.00265219	0.00265219	0.00265219	595
0.497	-0.000583848	-0.000583848	-0.000583848	-0.000583848	432
0.498	-0.00331213	-0.00331213	-0.00331213	-0.00331213	393
0.499	1.44676e-06	1.44676e-06	1.44676e-06	1.44676e-06	192
0.5	0.00152581	0.00152581	0.00152581	0.00152581	353
0.501	-0.00180826	-0.00180826	-0.00180826	-0.00180826	463
0.502	-0.00512954	-0.00512954	-0.00512954	-0.00512954	208
0.503	0.00126953	0.00126953	0.00126953	0.00126953	761
0.504	0.00131026	0.00131026	0.00131026	0.00131026	975
0.505	0.0151472	0.0151472	0.0151472	0.0151472	1081
0.506	-0.000902031	-0.000902031	-0.000902031	-0.000902031	186
0.507	0.000650346	0.000650346	0.000650346	0.000650346	674
0.508	-0.0012586	-0.0012586	-0.0012586	-0.0012586	452
0.509	-0.00425181	-0.00425181	-0.00425181	-0.00425181	199
0.51	0.00618294	0.00618294	0.00618294	0.00618294	495
0.511	0.00298244	0.00298244	0.00298244	0.00298244	699
0.512	1.6835e-05	1.6835e-05	1.6835e-05	1.6835e-05	330
0.513	0.00344507	0.00344507	0.00344507	0.00344507	353
0.514	0.00991489	0.00991489	0.00991489	0.00991489	470
0.515	-0.000910734	-0.000910734	-0.000910734	-0.000910734	707
0.516	0.00666482	0.00666482	0.00666482	0.00666482	452
0.517	0.00339556	0.00339556	0.00339556	0.00339556	491
0.518	0.00337226	0.00337226	0.00337226	0.00337226	528
0.519	-0.00090158	-0.00090158	-0.00090158	-0.00090158	232
0.52	0.00186977	0.00186977	0.00186977	0.00186977	279
0.521	-0.00253733	-0.00253733	-0.00253733	-0.00253733	625
0.522	-0.00250699	-0.00250699	-0.00250699	-0.00250699	159
0.523	-0.00112548	-0.00112548	-0.00112548	-0.00112548	406
0.524	0.000930994	0.000930994	0.000930994	0.000930994	475
0.525	-0.00107889	-0.00107889	-0.00107889	-0.00107889	319
0.526	-0.00310338	-0.00310338	-0.00310338	-0.00310338	302
0.527	0.0051756	0.0051756	0.0051756	0.0051756	541
0.528	0.00453269	0.00453269	0.00453269	0.00453269	362
0.529	-0.00884303	-0.00884303	-0.00884303	-0.00884303	315
0.53	0.000120326	0.000120326	0.000120326	0.000120326	621
0.531	0.00301353	0.00301353	0.00301353	0.00301353	694
0.532	-0.0051504	-0.0051504	-0.0051504	-0.0051504	796
0.533	-0.00194046	-0.00194046	-0.00194046	-0.00194046	279
0.534	0.00745587	0.00745587	0.00745587	0.00745587	428
0.535	0.000643304	0.000643304	0.000643304	0.000643304	497
0.536	-0.00110768	-0.00110768	-0.00110768	-0.00110768	162
0.537	-0.00143123	-0.00143123	-0.00143123	-0.00143123	656
0.538	0.0050941	0.0050941	0.0050941	0.0050941	490
0.539	-0.00107235	-0.00107235	-0.00107235	-0.00107235	215
0.54	0.0051248	0.0051248	0.0051248	0.0051248	690
0.541	-0.000979833	-0.000979833	-0.000979833	-0.000979833	584
0.542	-0.00288671	-0.00288671	-0.00288671	-0.00288671	918
0.543	0.00558117	0.00558117	0.00558117	0.00558117	141
0.544	8.21056e-05	8.21056e-05	8.21056e-05	8.21056e-05	362
0.545	-0.00191863	-0.00191863	-0.00191863	-0.00191863	452
0.546	0.00466065	0.00466065	0.00466065	0.00466065	406
0.547	0.00162371	0.00162371	0.00162371	0.00162371	472
0.548	0.00381475	0.00381475	0.00381475	0.00381475	592
0.549	-0.00170528	-0.00170528	-0.00170528	-0.00170528	820
0.55	-0.00244203	-0.00244203	-0.00244203	-0.00244203	230
0.551	-0.000936472	-0.000936472	-0.000936472	-0.000936472	439
0.552	0.000920656	0.000920656	0.000920656	0.000920656	369
0.553	-0.00291007	-0.00291007	-0.00291007	-0.00291007	716
0.554	-0.00237019	-0.00237019	-0.00237019	-0.00237019	520
0.555	0.00186216	0.00186216	0.00186216	0.00186216	476
0.556	-0.00197028	-0.00197028	-0.00197028	-0.00197028	172
0.557	0.00143027	0.00143027	0.00143027	0.00143027	490
0.558	0.00149938	0.00149938	0.00149938	0.00149938	357
0.559	-0.0057965	-0.0057965	-0.0057965	-0.0057965	641
0.56	0.00243611	0.00243611	0.00243611	0.00243611	400
0.561	0.000236494	0.000236494	0.000236494	0.000236494	471
0.562	0.0011412	0.0011412	0.0011412	0.0011412	397
0.563	-0.00193409	-0.00193409	-0.00193409	-0.00193409	161
0.564	-0.000606403	-0.000606403	-0.000606403	-0.000606403	590
0.565	0.000998908	0.000998908	0.000998908	0.000998908	458
0.566	-0.00181719	-0.00181719	-0.00181719	-0.00181719	537
0.567	0.00440917	0.00440917	0.00440917	0.00440917	252
0.568	-0.00142736	-0.00142736	-0.00142736	-0.00142736	296
0.569	-0.000798377	-0.000798377	-0.000798377	-0.000798377	445
0.57	0.00243841	0.00243841	0.00243841	0.00243841	230
0.571	0.000141951	0.000141951	0.000141951	0.000141951	499
0.572	-0.00293293	-0.00293293	-0.00293293	-0.00293293	444
0.573	0.00108692	0.00108692	0.00108692	0.00108692	379
0.574	0.0017616	0.0017616	0.0017616	0.0017616	395
0.575	-0.000202448	-0.000202448	-0.000202448	-0.000202448	354
0.576	0.000427529	0.000427529	0.000427529	0.000427529	358
0.577	0.00110447	0.00110447	0.00110447	0.00110447	251
0.578	-8.56481e-05	-8.56481e-05	-8.56481e-05	-8.56481e-05	360
0.579	0.00300694	0.00300694	0.00300694	0.00300694	480
0.58	0.00230145	0.00230145	0.00230145	0.00230145	291
0.581	-0.00102518	-0.00102518	-0.00102518	-0.00102518	598
0.582	0.000405619	0.000405619	0.000405619	0.000405619	704
0.583	-0.00486191	-0.00486191	-0.00486191	-0.00486191	346
0.584	0.00255355	0.00255355	0.00255355	0.00255355	581
0.585	0.00128757	0.00128757	0.00128757	0.00128757	403
0.586	-0.000610525	-0.000610525	-0.000610525	-0.000610525	379
0.587	0.00505997	0.00505997	0.00505997	0.00505997	616
0.588	0.000424766	0.000424766	0.000424766	0.000424766	463
0.589	0.00168281	0.00168281	0.00168281	0.00168281	413
0.59	-0.00206019	-0.00206019	-0.00206019	-0.00206019	180
0.591	-0.00056806	-0.00056806	-0.00056806	-0.00056806	311
0.592	4.64723e-05	4.64723e-05	4.64723e-05	4.64723e-05	526
0.593	-0.00548166	-0.00548166	-0.00548166	-0.00548166	951
0.594	-0.000675607	-0.000675607	-0.000675607	-0.000675607	435
0.595	-0.000738935	-0.000738935	-0.000738935	-0.000738935	359
0.596	0.00402114	0.00402114	0.00402114	0.00402114	460
0.597	9.10747e-07	9.10747e-07	9.10747e-07	9.10747e-07	305
0.598	0.00232917	0.00232917	0.00232917	0.00232917	400
0.599	0.000652025	0.000652025	0.000652025	0.000652025	406
0.6	0.00470947	0.00470947	0.00470947	0.00470947	196
0.601	0.00180658	0.00180658	0.00180658	0.00180658	270
0.602	0.00239631	0.00239631	0.00239631	0.00239631	367
0.603	0.00359407	0.00359407	0.00359407	0.00359407	375
0.604	0.000783626	0.000783626	0.000783626	0.000783626	190
0.605	0.00938919	0.00938919	0.00938919	0.00938919	729
0.606	0.00147464	0.00147464	0.00147464	0.00147464	379
0.607	0.0053263	0.0053263	0.0053263	0.0053263	395
0.608	0.0021164	0.0021164	0.0021164	0.0021164	462
0.609	0.000720938	0.000720938	0.000720938	0.000720938	346
0.61	-0.000814446	-0.000814446	-0.000814446	-0.000814446	603
0.611	0.00182723	0.00182723	0.00182723	0.00182723	282
0.612	0.00202246	0.00202246	0.00202246	0.00202246	616
0.613	0.00376068	0.00376068	0.00376068	0.00376068	468
0.614	-0.000966265	-0.000966265	-0.000966265	-0.000966265	443
0.615	0.00448866	0.00448866	0.00448866	0.00448866	534
0.616	-0.00194932	-0.00194932	-0.00194932	-0.00194932	1425
0.617	-0.00154503	-0.00154503	-0.00154503	-0.00154503	153
0.618	9.9946e-05	9.9946e-05	9.9946e-05	9.9946e-05	617
0.619	0.00240036	0.00240036	0.00240036	0.00240036	368
0.62	0.00165278	0.00165278	0.00165278	0.00165278	640
0.621	0.00186053	0.00186053	0.00186053	0.00186053	288
0.622	0.00354087	0.00354087	0.00354087	0.00354087	522
0.623	0.000497017	0.000497017	0.000497017	0.000497017	745
0.624	-0.00533915	-0.00533915	-0.00533915	-0.00533915	172
0.625	-0.00127769	-0.00127769	-0.00127769	-0.00127769	647
0.626	1.0797e-05	1.0797e-05	1.0797e-05	1.0797e-05	283
0.627	0.000497795	0.000497795	0.000497795	0.000497795	529
0.628	0.00254964	0.00254964	0.00254964	0.00254964	263
0.629	0.00232347	0.00232347	0.00232347	0.00232347	1070
0.63	0.000100794	0.000100794	0.000100794	0.000100794	700
0.631	0.00594697	0.00594697	0.00594697	0.00594697	176
0.632	0.00947968	0.00947968	0.00947968	0.00947968	1151
0.633	0.00167507	0.00167507	0.00167507	0.00167507	496
0.634	-0.00335313	-0.00335313	-0.00335313	-0.00335313	421
0.635	0.00450546	0.00450546	0.00450546	0.00450546	519
0.636	-0.00099121	-0.00099121	-0.00099121	-0.00099121	651
0.637	-0.000862767	-0.000862767	-0.000862767	-0.000862767	302
0.638	0.00339904	0.00339904	0.00339904	0.00339904	93
0.639	0.00162045	0.00162045	0.00162045	0.00162045	1220
0.64	-0.000764652	-0.000764652	-0.000764652	-0.000764652	728
0.641	0.00160432	0.00160432	0.00160432	0.00160432	352
0.642	6.7121e-06	6.7121e-06	6.7121e-06	6.7121e-06	538
0.643	-0.00215235	-0.00215235	-0.00215235	-0.00215235	1133
0.644	0.00240584	0.00240584	0.00240584	0.00240584	177
0.645	0.000484584	0.000484584	0.000484584	0.000484584	591
0.646	0.00275095	0.00275095	0.00275095	0.00275095	352
0.647	0.00253614	0.00253614	0.00253614	0.00253614	515
0.648	0.000552814	0.000552814	0.000552814	0.000552814	304
0.649	0.000502707	0.000502707	0.000502707	0.000502707	431
0.65	-0.00102422	-0.00102422	-0.00102422	-0.00102422	585
0.651	0.000150821	0.000150821	0.000150821	0.000150821	291
0.652	-0.00201073	-0.00201073	-0.00201073	-0.00201073	616
0.653	-0.00112295	-0.00112295	-0.00112295	-0.00112295	751
0.654	-0.00151345	-0.00151345	-0.00151345	-0.00151345	533
0.655	-0.00213034	-0.00213034	-0.00213034	-0.00213034	260
0.656	0.000477518	0.000477518	0.000477518	0.000477518	299
0.657	0.00247581	0.00247581	0.00247581	0.00247581	356
0.658	-0.00296334	-0.00296334	-0.00296334	-0.00296334	247
0.659	0.00366489	0.00366489	0.00366489	0.00366489	439
0.66	0.00151042	0.00151042	0.00151042	0.00151042	400
0.661	-0.0027862	-0.0027862	-0.0027862	-0.0027862	330
0.662	-0.00173556	-0.00173556	-0.00173556	-0.00173556	379
0.663	0.00486805	0.00486805	0.00486805	0.00486805	701
0.664	0.000338727	0.000338727	0.000338727	0.000338727	515
0.665	-0.00320896	-0.00320896	-0.00320896	-0.00320896	67
0.666	-0.00389491	-0.00389491	-0.00389491	-0.00389491	415
0.667	-0.00242932	-0.00242932	-0.00242932	-0.00242932	786
0.668	0.00186235	0.00186235	0.00186235	0.00186235	291
0.669	-0.000341195	-0.000341195	-0.000341195	-0.000341195	530
0.67	0.001391	0.001391	0.001391	0.001391	394
0.671	0.00144497	0.00144497	0.00144497	0.00144497	639
0.672	-0.0016625	-0.0016625	-0.0016625	-0.0016625	200
0.673	-0.00139235	-0.00139235	-0.00139235	-0.00139235	962
0.674	-0.00169192	-0.00169192	-0.00169192	-0.00169192	374
0.675	0.000861298	0.000861298	0.000861298	0.000861298	298
0.676	-0.00231917	-0.00231917	-0.00231917	-0.00231917	808
0.677	0.000877944	0.000877944	0.000877944	0.000877944	467
0.678	-0.00217105	-0.00217105	-0.00217105	-0.00217105	228
0.679	0.000260744	0.000260744	0.000260744	0.000260744	424
0.68	0.00225201	0.00225201	0.00225201	0.00225201	942
0.681	0.0027252	0.0027252	0.0027252	0.0027252	671
0.682	0.000554577	0.000554577	0.000554577	0.000554577	284
0.683	0.00307733	0.00307733	0.00307733	0.00307733	625
0.684	4.66903e-05	4.66903e-05	4.66903e-05	4.66903e-05	470
0.685	-0.00175725	-0.00175725	-0.00175725	-0.00175725	92
0.686	0.00266185	0.00266185	0.00266185	0.00266185	369
0.687	0.00072962	0.00072962	0.00072962	0.00072962	383
0.688	0.00266299	0.00266299	0.00266299	0.00266299	484
0.689	0.00134354	0.00134354	0.00134354	0.00134354	245
0.69	0.00216927	0.00216927	0.00216927	0.00216927	320
0.691	0.00349792	0.00349792	0.00349792	0.00349792	400
0.692	0.0047001	0.0047001	0.0047001	0.0047001	226
0.693	0.00305556	0.00305556	0.00305556	0.00305556	407
0.694	-0.00210724	-0.00210724	-0.00210724	-0.00210724	459
0.695	0.00193352	0.00193352	0.00193352	0.00193352	356
0.696	0.000128816	0.000128816	0.000128816	0.000128816	455
0.697	-0.00138889	-0.00138889	-0.00138889	-0.00138889	581
0.698	-0.00193927	-0.00193927	-0.00193927	-0.00193927	483
0.699	0.00252828	0.00252828	0.00252828	0.00252828	167
0.7	0.00765225	0.00765225	0.00765225	0.00765225	655
0.701	0.00479384	0.00479384	0.00479384	0.00479384	1761
0.702	-0.00329871	-0.00329871	-0.00329871	-0.00329871	337
0.703	-0.00263342	-0.00263342	-0.00263342	-0.00263342	406
0.704	-5.55556e-05	-5.55556e-05	-5.55556e-05	-5.55556e-05	630
0.705	-0.00220401	-0.00220401	-0.00220401	-0.00220401	122
0.706	-0.00129934	-0.00129934	-0.00129934	-0.00129934	487
0.707	-0.00360598	-0.00360598	-0.00360598	-0.00360598	487
0.708	-0.00184569	-0.00184569	-0.00184569	-0.00184569	526
0.709	-0.00104422	-0.00104422	-0.00104422	-0.00104422	245
0.71	-0.00259482	-0.00259482	-0.00259482	-0.00259482	706
0.711	-0.000713907	-0.000713907	-0.000713907	-0.000713907	942
0.712	-0.00448141	-0.00448141	-0.00448141	-0.00448141	248
0.713	0.00121026	0.00121026	0.00121026	0.00121026	678
0.714	0.000687009	0.000687009	0.000687009	0.000687009	467
0.715	9.64912e-05	9.64912e-05	9.64912e-05	9.64912e-05	760
0.716	0.00121749	0.00121749	0.00121749	0.00121749	329
0.717	0.0135854	0.0135854	0.0135854	0.0135854	961
0.718	-0.00139287	-0.00139287	-0.00139287	-0.00139287	489
0.719	-0.00255102	-0.00255102	-0.00255102	-0.00255102	147
0.72	0.000196784	0.000196784	0.000196784	0.000196784	463
0.721	-7.87122e-05	-7.87122e-05	-7.87122e-05	-7.87122e-05	547
0.722	-0.000871516	-0.000871516	-0.000871516	-0.000871516	291
0.723	-2.18855e-05	-2.18855e-05	-2.18855e-05	-2.18855e-05	495
0.724	0.00445564	0.00445564	0.00445564	0.00445564	1687
0.725	0.00161534	0.00161534	0.00161534	0.00161534	460
0.726	3.47222e-06	3.47222e-06	3.47222e-06	3.47222e-06	320
0.727	0.00151556	0.00151556	0.00151556	0.00151556	375
0.728	0.000523294	0.000523294	0.000523294	0.000523294	508
0.729	0.000537963	0.000537963	0.000537963	0.000537963	300
0.73	-0.00120804	-0.00120804	-0.00120804	-0.00120804	427
0.731	-0.00212439	-0.00212439	-0.00212439	-0.00212439	318
0.732	0.00267785	0.00267785	0.00267785	0.00267785	631
0.733	-0.00272075	-0.00272075	-0.00272075	-0.00272075	151
0.734	0.00113978	0.00113978	0.00113978	0.00113978	620
0.735	-0.00195664	-0.00195664	-0.00195664	-0.00195664	524
0.736	-0.00348958	-0.00348958	-0.00348958	-0.00348958	208
0.737	-0.00094898	-0.00094898	-0.00094898	-0.00094898	490
0.738	0.00634706	0.00634706	0.00634706	0.00634706	870
0.739	0.00711146	0.00711146	0.00711146	0.00711146	158
0.74	0.000760193	0.000760193	0.000760193	0.000760193	357
0.741	0.00354978	0.00354978	0.00354978	0.00354978	462
0.742	-0.00516018	-0.00516018	-0.00516018	-0.00516018	548
0.743	9.85253e-05	9.85253e-05	9.85253e-05	9.85253e-05	437
0.744	-0.00087891	-0.00087891	-0.00087891	-0.00087891	579
0.745	0.00184945	0.00184945	0.00184945	0.00184945	617
0.746	0.00448367	0.00448367	0.00448367	0.00448367	347
0.747	-0.00276504	-0.00276504	-0.00276504	-0.00276504	436
0.748	-0.00175228	-0.00175228	-0.00175228	-0.00175228	769
0.749	-0.00411547	-0.00411547	-0.00411547	-0.00411547	662
0.75	-0.000998677	-0.000998677	-0.000998677	-0.000998677	378
0.751	0.000267974	0.000267974	0.000267974	0.000267974	510
0.752	-0.00420895	-0.00420895	-0.00420895	-0.00420895	1452
0.753	-0.00239747	-0.00239747	-0.00239747	-0.00239747	233
0.754	0.000501977	0.000501977	0.000501977	0.000501977	534
0.755	0.00121867	0.00121867	0.00121867	0.00121867	532
0.756	-0.0014359	-0.0014359	-0.0014359	-0.0014359	260
0.757	-0.00271703	-0.00271703	-0.00271703	-0.00271703	439
0.758	0.00148884	0.00148884	0.00148884	0.00148884	478
0.759	-0.00489454	-0.00489454	-0.00489454	-0.00489454	1051
0.76	-0.00255124	-0.00255124	-0.00255124	-0.00255124	309
0.761	-0.00206501	-0.00206501	-0.00206501	-0.00206501	940
0.762	-0.00251096	-0.00251096	-0.00251096	-0.00251096	583
0.763	-0.00207739	-0.00207739	-0.00207739	-0.00207739	631
0.764	-0.00230322	-0.00230322	-0.00230322	-0.00230322	511
0.765	-0.000567359	-0.000567359	-0.000567359	-0.000567359	353
0.766	0.000325758	0.000325758	0.000325758	0.000325758	220
0.767	-0.00156987	-0.00156987	-0.00156987	-0.00156987	528
0.768	0.00122124	0.00122124	0.00122124	0.00122124	507
0.769	-0.00520012	-0.00520012	-0.00520012	-0.00520012	626
0.77	0.00182514	0.00182514	0.00182514	0.00182514	305
0.771	0.00633656	0.00633656	0.00633656	0.00633656	637
0.772	-0.000283201	-0.000283201	-0.000283201	-0.000283201	461
0.773	-0.00267677	-0.00267677	-0.00267677	-0.00267677	121
0.774	0.00263246	0.00263246	0.00263246	0.00263246	497
0.775	-0.00158764	-0.00158764	-0.00158764	-0.00158764	355
0.776	-0.00318405	-0.00318405	-0.00318405	-0.00318405	521
0.777	-0.000248673	-0.000248673	-0.000248673	-0.000248673	649
0.778	0.000836414	0.000836414	0.000836414	0.000836414	541
0.779	-0.00455663	-0.00455663	-0.00455663	-0.00455663	515
0.78	-0.00166494	-0.00166494	-0.00166494	-0.00166494	321
0.781	-0.000295193	-0.000295193	-0.000295193	-0.000295193	319
0.782	-0.00564759	-0.00564759	-0.00564759	-0.00564759	498
0.783	-0.000354562	-0.000354562	-0.000354562	-0.000354562	369
0.784	-0.000933086	-0.000933086	-0.000933086	-0.000933086	763
0.785	0.00391245	0.00391245	0.00391245	0.00391245	448
0.786	-0.00191253	-0.00191253	-0.00191253	-0.00191253	644
0.787	0.00604747	0.00604747	0.00604747	0.00604747	275
0.788	-0.000550433	-0.000550433	-0.000550433	-0.000550433	488
0.789	0.000643083	0.000643083	0.000643083	0.000643083	457
0.79	-0.000307629	-0.000307629	-0.000307629	-0.000307629	335
0.791	0.000489783	0.000489783	0.000489783	0.000489783	435
0.792	0.00153043	0.00153043	0.00153043	0.00153043	575
0.793	0.00213257	0.00213257	0.00213257	0.00213257	598
0.794	0.00233855	0.00233855	0.00233855	0.00233855	394
0.795	-2.46257e-06	-2.46257e-06	-2.46257e-06	-2.46257e-06	564
0.796	0.00058364	0.00058364	0.00058364	0.00058364	544
0.797	0.000375267	0.000375267	0.000375267	0.000375267	416
0.798	-0.00387043	-0.00387043	-0.00387043	-0.00387043	1159
0.799	0.000786008	0.000786008	0.000786008	0.000786008	405
0.8	-0.000662816	-0.000662816	-0.000662816	-0.000662816	202
0.801	0.00134316	0.00134316	0.00134316	0.00134316	492
0.802	-0.001493	-0.001493	-0.001493	-0.001493	667
0.803	-0.000108498	-0.000108498	-0.000108498	-0.000108498	489
0.804	0.00266771	0.00266771	0.00266771	0.00266771	371
0.805	0.00333093	0.00333093	0.00333093	0.00333093	577
0.806	-0.000458221	-0.000458221	-0.000458221	-0.000458221	371
0.807	0.000462963	0.000462963	0.000462963	0.000462963	129
0.808	0.00276629	0.00276629	0.00276629	0.00276629	532
0.809	0.00190223	0.00190223	0.00190223	0.00190223	408
0.81	-0.000915602	-0.000915602	-0.000915602	-0.000915602	574
0.811	-0.000752778	-0.000752778	-0.000752778	-0.000752778	200
0.812	-0.00141718	-0.00141718	-0.00141718	-0.00141718	491
0.813	0.000601852	0.000601852	0.000601852	0.000601852	456
0.814	0.00346871	0.00346871	0.00346871	0.00346871	158
0.815	0.00939135	0.00939135	0.00939135	0.00939135	654
0.816	-0.000152778	-0.000152778	-0.000152778	-0.000152778	380
0.817	-0.00321071	-0.00321071	-0.00321071	-0.00321071	222
0.818	3.33333e-05	3.33333e-05	3.33333e-05	3.33333e-05	450
0.819	0.00257325	0.00257325	0.00257325	0.00257325	493
0.82	0.00253998	0.00253998	0.00253998	0.00253998	528
0.821	0.000172176	0.000172176	0.000172176	0.000172176	242
0.822	-0.00150199	-0.00150199	-0.00150199	-0.00150199	474
0.823	-0.00152372	-0.00152372	-0.00152372	-0.00152372	513
0.824	-0.00126929	-0.00126929	-0.00126929	-0.00126929	216
0.825	0.00180492	0.00180492	0.00180492	0.00180492	440
0.826	-0.000739899	-0.000739899	-0.000739899	-0.000739899	440
0.827	-0.00183419	-0.00183419	-0.00183419	-0.00183419	325
0.828	-0.00263792	-0.00263792	-0.00263792	-0.00263792	288
0.829	0.00184826	0.00184826	0.00184826	0.00184826	335
0.83	0.000116045	0.000116045	0.000116045	0.000116045	608
0.831	0.00249775	0.00249775	0.00249775	0.00249775	371
0.832	-0.00136139	-0.00136139	-0.00136139	-0.00136139	596
0.833	0.000283097	0.000283097	0.000283097	0.000283097	470
0.834	0.00270672	0.00270672	0.00270672	0.00270672	172
0.835	0.000622438	0.000622438	0.000622438	0.000622438	515
0.836	-0.00056704	-0.00056704	-0.00056704	-0.00056704	387
0.837	-0.000700732	-0.000700732	-0.000700732	-0.000700732	486
0.838	0.00216184	0.00216184	0.00216184	0.00216184	299
0.839	-0.00334557	-0.00334557	-0.00334557	-0.00334557	749
0.84	-0.000224116	-0.000224116	-0.000224116	-0.000224116	440
0.841	-0.00243008	-0.00243008	-0.00243008	-0.00243008	147
0.842	-0.00151658	-0.00151658	-0.00151658	-0.00151658	620
0.843	-0.000320283	-0.000320283	-0.000320283	-0.000320283	464
0.844	0.00144097	0.00144097	0.00144097	0.00144097	368
0.845	0.000392397	0.000392397	0.000392397	0.000392397	681
0.846	0.000420006	0.000420006	0.000420006	0.000420006	707
0.847	0.00171296	0.00171296	0.00171296	0.00171296	312
0.848	-0.00213594	-0.00213594	-0.00213594	-0.00213594	132
0.849	-0.000468668	-0.000468668	-0.000468668	-0.000468668	422
0.85	-0.000409639	-0.000409639	-0.000409639	-0.000409639	415
0.851	-0.00106802	-0.00106802	-0.00106802	-0.00106802	477
0.852	0.00220137	0.00220137	0.00220137	0.00220137	586
0.853	0.000673035	0.000673035	0.000673035	0.000673035	506
0.854	0.00239002	0.00239002	0.00239002	0.00239002	591
0.855	-0.00219739	-0.00219739	-0.00219739	-0.00219739	179
0.856	-0.000746293	-0.000746293	-0.000746293	-0.000746293	517
0.857	-0.000575311	-0.000575311	-0.000575311	-0.000575311	464
0.858	0.00103479	0.00103479	0.00103479	0.00103479	313
0.859	2.06211e-05	2.06211e-05	2.06211e-05	2.06211e-05	458
0.86	-0.00188765	-0.00188765	-0.00188765	-0.00188765	313
0.861	-0.000251736	-0.000251736	-0.000251736	-0.000251736	224
0.862	-0.000132743	-0.000132743	-0.000132743	-0.000132743	565
0.863	0.00206922	0.00206922	0.00206922	0.00206922	492
0.864	-0.00174286	-0.00174286	-0.00174286	-0.00174286	700
0.865	5.73349e-05	5.73349e-05	5.73349e-05	5.73349e-05	281
0.866	0.00241654	0.00241654	0.00241654	0.00241654	872
0.867	-0.00243468	-0.00243468	-0.00243468	-0.00243468	791
0.868	0.00192216	0.00192216	0.00192216	0.00192216	835
0.869	-0.00558545	-0.00558545	-0.00558545	-0.00558545	734
0.87	-0.00150327	-0.00150327	-0.00150327	-0.00150327	459
0.871	-9.48104e-05	-9.48104e-05	-9.48104e-05	-9.48104e-05	334
0.872	0.000480544	0.000480544	0.000480544	0.000480544	237
0.873	-0.00175839	-0.00175839	-0.00175839	-0.00175839	318
0.874	-0.00157903	-0.00157903	-0.00157903	-0.00157903	336
0.875	-0.00204279	-0.00204279	-0.00204279	-0.00204279	161
0.876	-0.00133482	-0.00133482	-0.00133482	-0.00133482	447
0.877	-0.00225221	-0.00225221	-0.00225221	-0.00225221	352
0.878	8.71914e-05	8.71914e-05	8.71914e-05	8.71914e-05	360
0.879	-0.000605281	-0.000605281	-0.000605281	-0.000605281	648
0.88	-0.00112371	-0.00112371	-0.00112371	-0.00112371	463
0.881	-0.00059664	-0.00059664	-0.00059664	-0.00059664	453
0.882	-0.00345425	-0.00345425	-0.00345425	-0.00345425	255
0.883	-0.00153004	-0.00153004	-0.00153004	-0.00153004	368
0.884	0.00387467	0.00387467	0.00387467	0.00387467	547
0.885	-0.00139352	-0.00139352	-0.00139352	-0.00139352	300
0.886	-0.0016732	-0.0016732	-0.0016732	-0.0016732	553
0.887	0.00162698	0.00162698	0.00162698	0.00162698	287
0.888	-0.0010253	-0.0010253	-0.0010253	-0.0010253	437
0.889	0.000588006	0.000588006	0.000588006	0.000588006	214
0.89	0.000190606	0.000190606	0.000190606	0.000190606	427
0.891	0.00343053	0.00343053	0.00343053	0.00343053	1086
0.892	0.00161183	0.00161183	0.00161183	0.00161183	233
0.893	-0.00191965	-0.00191965	-0.00191965	-0.00191965	1042
0.894	-0.0028619	-0.0028619	-0.0028619	-0.0028619	492
0.895	-0.00197464	-0.00197464	-0.00197464	-0.00197464	184
0.896	-0.00131011	-0.00131011	-0.00131011	-0.00131011	409
0.897	0.00438521	0.00438521	0.00438521	0.00438521	347
0.898	-0.00112614	-0.00112614	-0.00112614	-0.00112614	610
0.899	0.000309423	0.000309423	0.000309423	0.000309423	158
0.9	0.00178675	0.00178675	0.00178675	0.00178675	384
0.901	0.00159048	0.00159048	0.00159048	0.00159048	474
0.902	-0.000415835	-0.000415835	-0.000415835	-0.000415835	167
0.903	0.00118286	0.00118286	0.00118286	0.00118286	453
0.904	-0.00118117	-0.00118117	-0.00118117	-0.00118117	341
0.905	0.000734811	0.000734811	0.000734811	0.000734811	203
0.906	0.000177214	0.000177214	0.000177214	0.000177214	453
0.907	-0.000656444	-0.000656444	-0.000656444	-0.000656444	625
0.908	0.00127263	0.00127263	0.00127263	0.00127263	313
0.909	-0.00159455	-0.00159455	-0.00159455	-0.00159455	104
0.91	-0.00286255	-0.00286255	-0.00286255	-0.00286255	308
0.911	0.000950207	0.000950207	0.000950207	0.000950207	511
0.912	-0.00464982	-0.00464982	-0.00464982	-0.00464982	376
0.913	-8.71948e-06	-8.71948e-06	-8.71948e-06	-8.71948e-06	446
0.914	-0.000722503	-0.000722503	-0.000722503	-0.000722503	396
0.915	0.00214655	0.00214655	0.00214655	0.00214655	312
0.916	-0.00412602	-0.00412602	-0.00412602	-0.00412602	82
0.917	-0.00279781	-0.00279781	-0.00279781	-0.00279781	305
0.918	0.00705467	0.00705467	0.00705467	0.00705467	688
0.919	-0.00206537	-0.00206537	-0.00206537	-0.00206537	232
0.92	0.000678392	0.000678392	0.000678392	0.000678392	398
0.921	-0.00378121	-0.00378121	-0.00378121	-0.00378121	405
0.922	-0.00143487	-0.00143487	-0.00143487	-0.00143487	145
0.923	0.000892929	0.000892929	0.000892929	0.000892929	275
0.924	0.0015927	0.0015927	0.0015927	0.0015927	353
0.925	-0.0038638	-0.0038638	-0.0038638	-0.0038638	465
0.926	0.00225195	0.00225195	0.00225195	0.00225195	327
0.927	0.00341691	0.00341691	0.00341691	0.00341691	801
0.928	0.00351539	0.00351539	0.00351539	0.00351539	563
0.929	-0.00217949	-0.00217949	-0.00217949	-0.00217949	182
0.93	-0.00102925	-0.00102925	-0.00102925	-0.00102925	414
0.931	0.00156442	0.00156442	0.00156442	0.00156442	470
0.932	-0.00361823	-0.00361823	-0.00361823	-0.00361823	741
0.933	-0.000949429	-0.000949429	-0.000949429	-0.000949429	457
0.934	0.000588043	0.000588043	0.000588043	0.000588043	1103
0.935	-0.000657306	-0.000657306	-0.000657306	-0.000657306	819
0.936	-0.000565208	-0.000565208	-0.000565208	-0.000565208	259
0.937	-0.000830769	-0.000830769	-0.000830769	-0.000830769	325
0.938	-0.00286415	-0.00286415	-0.00286415	-0.00286415	357
0.939	0.00269807	0.00269807	0.00269807	0.00269807	460
0.94	0.0014099	0.0014099	0.0014099	0.0014099	423
0.941	0.00439557	0.00439557	0.00439557	0.00439557	574
0.942	-0.0021559	-0.0021559	-0.0021559	-0.0021559	712
0.943	0.00333128	0.00333128	0.00333128	0.00333128	270
0.944	0.0156326	0.0156326	0.0156326	0.0156326	595
0.945	0.00179928	0.00179928	0.00179928	0.00179928	664
0.946	9.56586e-05	9.56586e-05	9.56586e-05	9.56586e-05	302
0.947	0.00563846	0.00563846	0.00563846	0.00563846	583
0.948	0.00197858	0.00197858	0.00197858	0.00197858	415
0.949	0.00153243	0.00153243	0.00153243	0.00153243	478
0.95	0.000132058	0.000132058	0.000132058	0.000132058	183
0.951	-0.000522804	-0.000522804	-0.000522804	-0.000522804	458
0.952	-0.00209545	-0.00209545	-0.00209545	-0.00209545	447
0.953	-0.00208526	-0.00208526	-0.00208526	-0.00208526	432
0.954	0.00491347	0.00491347	0.00491347	0.00491347	748
0.955	-0.000188564	-0.000188564	-0.000188564	-0.000188564	411
0.956	0.00313143	0.00313143	0.00313143	0.00313143	216
0.957	-0.00138637	-0.00138637	-0.00138637	-0.00138637	552
0.958	-0.00085206	-0.00085206	-0.00085206	-0.00085206	445
0.959	-0.00150806	-0.00150806	-0.00150806	-0.00150806	620
0.96	-0.00045809	-0.00045809	-0.00045809	-0.00045809	456
0.961	0.00341983	0.00341983	0.00341983	0.00341983	684
0.962	0.00105836	0.00105836	0.00105836	0.00105836	416
0.963	0.000244374	0.000244374	0.000244374	0.000244374	158
0.964	-0.00240917	-0.00240917	-0.00240917	-0.00240917	367
0.965	0.00120686	0.00120686	0.00120686	0.00120686	293
0.966	-0.000575486	-0.000575486	-0.000575486	-0.000575486	446
0.967	-0.00226952	-0.00226952	-0.00226952	-0.00226952	740
0.968	-0.000495774	-0.000495774	-0.000495774	-0.000495774	539
0.969	0.000138669	0.000138669	0.000138669	0.000138669	631
0.97	-0.000506779	-0.000506779	-0.000506779	-0.000506779	336
0.971	-0.00134153	-0.00134153	-0.00134153	-0.00134153	610
0.972	0.00267599	0.00267599	0.00267599	0.00267599	423
0.973	-0.00149133	-0.00149133	-0.00149133	-0.00149133	301
0.974	-0.00223361	-0.00223361	-0.00223361	-0.00223361	439
0.975	0.00216035	0.00216035	0.00216035	0.00216035	624
0.976	0.000243319	0.000243319	0.000243319	0.000243319	395
0.977	0.000966629	0.000966629	0.000966629	0.000966629	298
0.978	-0.00137109	-0.00137109	-0.00137109	-0.00137109	359
0.979	-0.00263889	-0.00263889	-0.00263889	-0.00263889	460
0.98	-0.00189815	-0.00189815	-0.00189815	-0.00189815	378
0.981	-0.00521205	-0.00521205	-0.00521205	-0.00521205	617
0.982	-0.00122703	-0.00122703	-0.00122703	-0.00122703	647
0.983	0.00171199	0.00171199	0.00171199	0.00171199	239
0.984	-0.000789674	-0.000789674	-0.000789674	-0.000789674	878
0.985	-0.000628262	-0.000628262	-0.000628262	-0.000628262	596
0.986	-0.00261789	-0.00261789	-0.00261789	-0.00261789	516
0.987	0.000167576	0.000167576	0.000167576	0.000167576	489
0.988	0.00117758	0.00117758	0.00117758	0.00117758	443
0.989	-0.00348042	-0.00348042	-0.00348042	-0.00348042	542
0.99	-0.00662605	-0.00662605	-0.00662605	-0.00662605	807
0.991	-0.000515658	-0.000515658	-0.000515658	-0.000515658	738
0.992	-0.00187016	-0.00187016	-0.00187016	-0.00187016	516
0.993	-0.00236483	-0.00236483	-0.00236483	-0.00236483	635
0.994	0.000395545	0.000395545	0.000395545	0.000395545	217
0.995	-0.00215761	-0.00215761	-0.00215761	-0.00215761	460
0.996	-0.00263487	-0.00263487	-0.00263487	-0.00263487	657
0.997	-0.0028559	-0.0028559	-0.0028559	-0.0028559	224
0.998	0.00252915	0.00252915	0.00252915	0.00252915	467
0.999	0.000665638	0.000665638	0.000665638	0.000665638	540
1	-0.000430912	-0.000430912	-0.000430912	-0.000430912	468
